1.037386
1.044247
1.047667
1.051491
1.046944
1.043482
1.046875
1.038529
1.028661
1.029454
1.017312
1.007176
1.002297
0.995912
0.986356
0.978567
0.970657
0.968871
0.963874
0.968592
0.963460
0.962293
0.961435
0.960571
0.966094
0.966237
0.970937
0.970265
0.970513
0.972187
0.974223
0.977424
0.976824
0.982269
0.985678
0.989692
0.988203
0.992942
0.999783
1.002792
1.003369
1.009042
1.013833
1.013120
1.017920
1.015650
1.018602
1.018517
1.025067
1.018499
1.020440
1.023609
1.024909
1.024318
1.026371
1.024446
1.026618
1.027235
1.031568
1.026957
1.022635
1.016782
1.021005
1.012614
1.006689
1.002109
0.997736
0.993885
0.987022
0.980318
0.975911
0.975651
0.971140
0.966625
0.970026
0.960843
0.962012
0.965452
0.966876
0.964777
0.965896
0.965357
0.965980
0.968127
0.975060
0.973332
0.978249
0.979093
0.983452
0.988087
0.990044
0.991828
0.994652
1.001800
0.998155
0.998651
0.999675
0.996173
0.992920
0.990420
0.992894
0.987426
0.986699
0.978074
0.975424
0.978450
0.976413
0.975735
0.978458
0.976286
0.974803
0.977856
0.977184
0.977010
0.976313
0.970099
0.974363
0.969256
0.967540
0.967858
0.965640
0.962323
0.956284
0.957333
0.953602
0.954433
0.948522
0.952668
0.952271
0.952445
0.955667
0.959331
0.959632
0.963843
0.969001
0.968357
0.976694
0.981564
0.984550
0.986796
0.991295
0.996648
1.000360
1.007689
1.008826
1.010834
1.012518
1.009581
1.011037
1.011771
1.010581
1.008602
1.007571
1.001057
1.007035
1.000764
1.000282
0.998278
0.999599
0.997962
0.996937
0.998556
0.998889
0.999606
1.003167
1.003093
1.002894
1.009625
1.006974
1.010471
1.007167
1.010200
1.013551
1.007183
1.009411
1.007219
1.006363
1.002070
1.005047
1.002952
1.003511
1.009170
1.005395
1.006147
1.010239
1.011310
1.016244
1.016495
1.020442
1.019357
1.017369
1.018360
1.019615
1.016094
1.017526
1.015084
1.012727
1.009965
1.008456
1.006823
