1.002796
0.996625
0.999322
1.000698
0.997850
0.998910
0.999018
0.998807
1.001969
0.999032
1.000015
1.001157
1.003498
1.002967
1.001116
0.996208
0.996847
0.997276
1.001696
1.004287
1.000817
1.000994
1.000907
0.999434
0.997616
0.996897
1.002926
1.002360
0.996643
1.000058
0.996696
0.999650
1.000920
1.001846
1.001269
1.002524
1.003961
0.998035
0.999656
1.001229
0.998665
0.998377
1.001810
1.000362
1.003276
1.002924
0.999018
0.999818
1.004125
1.000185
1.004254
0.999272
0.996860
0.999926
0.999538
1.003545
1.002796
1.001446
0.998538
1.000659
0.998169
0.997705
0.999967
1.000744
0.997350
0.997780
0.997895
0.992365
0.992961
0.991340
0.991779
0.991215
0.987667
0.987166
0.986419
0.984209
0.988387
0.984065
0.984987
0.978786
0.982410
0.973402
0.973118
0.974654
0.973031
0.970719
0.969313
0.966400
0.975927
0.968023
0.972272
0.967014
0.966502
0.970184
0.968578
0.965583
0.965306
0.959659
0.962680
0.963846
0.962079
0.965292
0.963691
0.960521
0.962303
0.965141
0.961528
0.966200
0.963790
0.959487
0.961973
0.965156
0.965431
0.968538
0.967824
0.965610
0.966420
0.966099
0.972285
0.971049
0.972582
0.970112
0.976538
0.972377
0.976106
0.978199
0.976876
0.977048
0.978750
0.982447
0.980176
0.981517
0.986734
0.984780
0.985988
0.987989
0.992232
0.994944
0.991166
0.996603
0.996233
1.000932
0.994934
1.000487
1.002343
0.997842
0.999728
1.002532
0.999709
0.998161
1.001330
1.001606
1.003973
1.003261
0.999269
0.998274
0.999123
1.001176
0.998117
0.999972
1.000392
1.004430
1.001030
1.000533
0.999603
0.996920
0.998906
1.001394
1.001187
0.999954
0.998775
0.999617
0.999419
1.003324
0.998869
1.000873
1.001747
1.001170
1.002333
1.001164
1.000711
0.999592
1.003947
1.002183
0.999227
1.001857
1.003653
1.003061
0.999516
1.005291
0.998424
0.997181
0.998994
1.002180
1.004628
1.004958
0.999246
1.001072
0.998120
0.997952
