1.000835
1.000197
1.002394
0.999400
1.003294
0.999855
0.999004
1.001828
0.997692
1.002133
1.004331
1.000416
0.996192
0.999137
1.000753
1.000638
0.998881
0.998684
0.999721
0.998890
0.998051
1.002448
0.998162
1.001970
1.002698
1.003304
1.003944
1.006708
0.998430
1.000645
1.004628
0.998621
1.000594
1.001948
0.997240
1.002412
0.994737
1.002184
0.996240
0.999587
0.999425
0.999902
1.003020
1.000419
1.000078
0.999753
0.998671
0.998774
1.002756
1.004512
1.000924
1.000970
1.002599
0.998853
0.997748
1.001300
1.001006
1.000771
1.006207
1.000158
0.994509
1.000720
1.003000
0.999199
0.998305
0.996776
0.997811
0.994171
0.992470
0.992924
0.987269
0.993721
0.988323
0.984935
0.987381
0.984281
0.986592
0.978407
0.983592
0.979632
0.979213
0.980454
0.977052
0.979647
0.972944
0.975499
0.973562
0.972843
0.969282
0.968865
0.967830
0.964804
0.966420
0.968025
0.962615
0.967006
0.965106
0.968471
0.964469
0.963640
0.966542
0.964347
0.962097
0.961815
0.963790
0.964309
0.964322
0.964366
0.964514
0.968940
0.968790
0.965602
0.967934
0.967748
0.966990
0.965675
0.967233
0.969892
0.970375
0.971523
0.976208
0.971790
0.973118
0.975642
0.976211
0.978915
0.974199
0.978037
0.981518
0.987416
0.979712
0.984170
0.987774
0.991393
0.988724
0.992290
0.991216
0.992325
0.995958
0.998315
1.000272
1.000556
0.998028
0.998690
0.999419
1.000105
1.000736
0.999351
1.000249
0.999457
0.999027
1.003059
0.998645
1.001928
0.999402
0.998597
1.004283
1.002654
1.001846
0.996234
1.004817
0.998727
1.000057
1.000920
1.000551
0.998290
0.999540
0.999329
1.001935
0.998583
1.005513
1.002489
1.000822
1.002111
0.995495
1.001409
1.002054
1.001020
1.000813
0.997001
1.001812
1.002638
0.998392
0.996477
0.997659
0.998462
1.001153
1.001411
1.002920
1.001149
1.001254
0.998828
0.998388
0.996483
0.998273
0.999578
1.001286
0.999207
1.002653
0.999685
