0.998040
1.001064
1.001086
0.999190
0.999292
0.998812
1.002777
1.000378
0.999316
1.001325
1.002710
1.001563
0.996408
1.001241
0.996889
0.999728
0.999264
1.002944
0.999927
0.997214
1.000252
1.000231
0.999400
1.000837
1.000002
0.999586
1.002978
1.008752
1.002296
0.998205
1.001133
0.999778
1.001423
1.003581
1.002369
1.001107
0.996173
1.003096
1.000160
1.001487
0.996648
1.002182
0.996620
0.996980
0.999288
0.998579
0.999728
0.998648
0.998399
1.000666
0.999716
0.998501
1.000767
0.998621
1.002192
1.001881
1.002040
0.995312
0.998285
0.999592
0.997983
0.997308
0.997005
0.999977
0.996847
1.001870
0.994568
0.992586
0.998673
0.992553
0.992357
0.989154
0.990853
0.987561
0.987293
0.982411
0.980726
0.983777
0.981889
0.977945
0.978632
0.979037
0.977755
0.970356
0.974603
0.975723
0.970447
0.971580
0.970067
0.967937
0.964617
0.970639
0.970218
0.966169
0.967810
0.967660
0.965947
0.963410
0.967732
0.963706
0.961140
0.965108
0.965474
0.963573
0.963600
0.964714
0.964919
0.966721
0.963852
0.966025
0.967052
0.965134
0.962881
0.969551
0.967019
0.966917
0.968541
0.971219
0.973250
0.970934
0.973688
0.970294
0.976151
0.972749
0.972872
0.974448
0.975809
0.977018
0.983722
0.982079
0.985697
0.986067
0.986166
0.987021
0.985752
0.990827
0.991912
0.996156
0.996816
0.990918
0.997280
0.998958
0.994813
0.998544
0.996845
0.998695
0.998609
1.000145
0.997449
1.002749
0.995656
1.004023
0.999543
0.999423
0.999209
0.999433
0.997410
1.000009
1.002354
0.998440
0.998386
0.998465
1.002115
1.002597
1.000094
0.998035
0.999303
0.997089
0.999809
0.999314
1.000974
0.999671
1.005006
0.998470
0.997095
1.002911
1.000173
1.001660
1.003567
0.997944
1.002273
0.996957
1.002092
1.003838
0.999227
1.000562
1.000836
0.999713
0.999255
1.005387
0.997264
1.001998
1.000482
0.997266
1.000433
1.002207
0.997661
1.002345
1.003135
1.000691
