0.997566
0.999251
1.002052
0.995853
0.997638
0.998659
0.998993
1.001898
1.002482
0.999199
0.999356
1.000956
1.002516
0.999709
0.999998
1.003822
1.000012
0.999920
0.998107
0.997868
1.002247
1.002084
0.998309
0.999121
0.997308
1.000169
1.001464
1.001440
0.998297
1.003310
1.005365
0.999166
1.007966
1.002722
0.999406
1.003768
1.002546
0.999579
1.000754
1.003120
1.000786
0.998957
0.996818
1.003571
1.002352
0.998703
0.997892
0.999898
1.000366
1.002256
0.996730
1.005061
1.004047
1.001624
1.001001
1.000868
1.000054
1.000961
1.000381
0.998729
1.000842
1.001548
1.000242
0.997311
0.994858
1.000343
0.996035
0.994527
0.995866
0.995663
0.990910
0.988042
0.989770
0.984718
0.984349
0.982615
0.984967
0.980010
0.982925
0.979353
0.975946
0.975378
0.973454
0.975678
0.973506
0.970644
0.969435
0.971141
0.968728
0.969546
0.967131
0.970893
0.964757
0.968594
0.967693
0.966036
0.964830
0.966058
0.962901
0.962268
0.967203
0.965214
0.962914
0.961360
0.961141
0.965387
0.963247
0.963071
0.964785
0.966451
0.963284
0.969942
0.964543
0.968072
0.967278
0.962698
0.968353
0.971809
0.972361
0.973340
0.972255
0.974696
0.973354
0.971356
0.974369
0.975555
0.980024
0.980690
0.978191
0.979651
0.983313
0.982778
0.986879
0.990210
0.989705
0.988907
0.991630
0.991350
0.993901
0.992235
1.002047
0.996223
1.001767
0.996944
0.999432
0.997567
1.003661
0.999830
1.001128
1.000507
1.003970
1.000969
1.001300
0.996888
0.996408
0.996920
1.003190
1.002138
0.998279
0.998477
1.001066
1.002982
1.002491
1.000911
1.000678
1.001519
0.999006
0.997964
0.998815
1.002565
1.001114
1.001010
1.001587
1.000772
1.004393
1.003625
1.001454
0.998469
1.003172
1.004216
0.997490
1.001387
0.997483
0.998858
0.997085
0.999849
1.003236
1.004138
0.998407
1.001705
1.000854
0.997288
0.996444
1.002167
0.996682
1.002643
0.999231
1.003444
0.996693
0.997137
