1.003268
0.998496
1.007224
0.998590
1.002207
1.000472
0.999689
0.998815
0.999343
1.002769
0.998206
0.998935
1.000275
1.000173
1.000382
1.005534
1.001699
1.000024
0.999878
1.002250
0.999787
1.000130
0.998984
1.001002
1.002444
0.998171
0.997036
0.997963
1.001158
0.996997
1.001484
1.000618
1.001316
1.002556
0.998627
0.999725
0.998928
0.999943
1.000164
1.000615
1.002495
1.000389
1.002540
0.998535
1.003542
1.003246
1.000976
0.999574
0.999899
1.003052
0.999470
1.000611
1.003960
0.999412
1.000535
1.000442
1.003244
0.997344
1.001163
1.003562
0.999235
0.998728
1.001336
0.998489
0.999026
1.000391
0.997937
0.994014
0.999055
0.997232
0.993148
0.990657
0.989251
0.989010
0.990260
0.983162
0.982811
0.982062
0.977365
0.978699
0.977144
0.978700
0.973677
0.976081
0.975867
0.969415
0.974762
0.971413
0.969781
0.970425
0.965781
0.965696
0.964666
0.966831
0.967003
0.966212
0.966223
0.963237
0.958439
0.961492
0.964438
0.963744
0.962460
0.961181
0.962308
0.965737
0.965048
0.965006
0.963026
0.967628
0.965973
0.967979
0.965887
0.964823
0.973475
0.966442
0.966800
0.965462
0.972410
0.972537
0.970686
0.972539
0.975030
0.974618
0.975679
0.974458
0.972201
0.976948
0.982503
0.981209
0.979719
0.979963
0.985425
0.986639
0.988331
0.991042
0.990572
0.993517
0.993409
0.997676
0.996530
1.001525
0.996867
0.997920
1.002486
1.002028
0.998131
1.000452
0.997921
0.997003
0.999420
0.998762
1.003536
0.999793
0.999013
0.999039
1.001330
1.003089
0.997709
0.999783
0.995528
0.997592
1.001325
1.000652
0.999777
1.000631
1.004013
0.996369
0.999686
0.997699
1.003487
0.997552
1.003372
1.001086
0.999102
1.002200
0.998642
0.997108
0.999981
1.002176
0.998165
1.005320
0.999686
1.000846
1.002608
0.997697
1.001174
1.002116
0.997031
0.997412
0.997289
1.001070
0.998958
1.001167
0.999937
1.001134
1.001860
1.000714
0.996314
1.001972
