1.000111
0.999923
0.998717
1.001037
1.002235
0.996706
1.002929
0.998311
0.998044
1.001127
0.998919
1.002425
0.996984
1.003681
0.999813
0.999588
0.996989
1.002220
1.000619
1.000503
1.003078
1.001674
1.000147
1.000729
0.997155
1.000823
1.000658
1.000464
1.000429
0.998706
1.001696
0.999374
1.000608
1.000514
1.000717
1.003026
0.997172
1.004202
1.001645
1.004546
0.996802
1.004161
0.996322
1.001487
0.999078
1.002419
0.996966
1.003040
1.001353
0.999438
1.002599
1.004258
1.001562
1.001245
0.999861
0.998766
0.998435
0.999579
1.000336
1.002100
1.000905
0.996961
0.994982
0.998538
0.998427
0.996964
0.993033
0.995987
0.996299
0.992265
0.993401
0.989535
0.987745
0.986606
0.987665
0.980941
0.986366
0.984044
0.983771
0.978927
0.977838
0.975135
0.976088
0.978077
0.977147
0.974030
0.972244
0.971558
0.967121
0.969397
0.972552
0.968550
0.970117
0.970930
0.963474
0.967635
0.966691
0.964210
0.957099
0.965978
0.964588
0.964746
0.963575
0.962393
0.963199
0.965196
0.964282
0.966817
0.964536
0.967376
0.966631
0.970159
0.970317
0.966807
0.969349
0.967055
0.969036
0.968546
0.969196
0.969864
0.973676
0.973467
0.974813
0.976101
0.977768
0.973910
0.977594
0.981245
0.977722
0.981436
0.982705
0.985849
0.985767
0.985780
0.986895
0.990002
0.991618
0.989408
0.997362
1.000024
0.992520
0.994704
0.994897
0.998247
0.996571
1.002232
1.001059
0.998589
0.997997
1.003454
0.997588
1.002525
0.995163
0.995763
0.997823
1.001516
1.000946
1.002213
1.005169
0.999302
1.001985
1.002318
0.998494
0.993992
1.000639
1.001658
0.998586
0.995703
1.000431
1.004311
0.996051
1.003866
0.998432
0.997905
1.003034
0.998055
1.002646
1.001222
1.004479
1.003087
0.999102
1.000068
1.001026
0.997594
1.000232
1.000492
0.998037
1.005785
0.998557
0.998591
1.003164
1.001452
0.997916
1.000352
0.999066
0.997897
1.000516
1.000160
0.999949
1.001745
